       15.540000000000000
       16.310000000000000
       16.440000000000000
       15.460000000000000
       14.060000000000000
       12.590000000000000
       10.470000000000000
        8.150000000000000
        7.200000000000000
        9.390000000000001
       11.160000000000000
       13.540000000000000
       14.960000000000000
       15.980000000000000
       16.130000000000000
       15.490000000000000
       14.040000000000000
       12.310000000000000
       10.390000000000000
        8.039999999999999
        7.850000000000000
        9.460000000000001
       11.690000000000000
       13.720000000000000
       15.030000000000000
       15.650000000000000
       15.610000000000000
       15.120000000000000
       13.900000000000000
       12.570000000000000
       10.620000000000000
        7.860000000000000
        7.250000000000000
        9.190000000000000
       11.170000000000000
       13.740000000000000
       15.260000000000000
       16.060000000000000
       16.150000000000000
       15.570000000000000
       14.170000000000000
       12.690000000000000
       10.750000000000000
        8.260000000000000
        7.450000000000000
        9.980000000000000
       11.910000000000000
       13.830000000000000
       15.100000000000000
       16.020000000000000
       16.100000000000000
       15.300000000000000
       13.540000000000000
       12.350000000000000
       10.910000000000000
        8.359999999999999
        7.520000000000000
        9.640000000000001
       11.640000000000000
       13.440000000000000
       14.600000000000000
       15.320000000000000
       15.620000000000000
       15.150000000000000
       13.680000000000000
       12.200000000000000
       10.150000000000000
        7.870000000000000
        7.170000000000000
        8.840000000000000
       11.290000000000000
       13.180000000000000
       14.850000000000000
       15.670000000000000
       16.060000000000000
       15.340000000000000
       14.230000000000000
       12.400000000000000
       10.090000000000000
        7.460000000000000
        6.930000000000000
        8.880000000000001
       11.390000000000000
       13.190000000000000
       15.020000000000000
       15.890000000000000
       16.080000000000000
       15.150000000000000
       13.520000000000000
       12.100000000000000
       10.470000000000000
        8.010000000000000
        7.540000000000000
        9.890000000000001
       11.780000000000000
       13.400000000000000
       15.200000000000000
       16.110000000000000
       15.950000000000000
       15.330000000000000
       13.810000000000000
       12.570000000000000
        9.980000000000000
        7.690000000000000
        7.480000000000000
        9.289999999999999
       11.520000000000000
       13.460000000000000
       14.930000000000000
       15.610000000000000
       16.130000000000000
       15.210000000000000
       13.690000000000000
       12.020000000000000
       10.040000000000000
        7.900000000000000
        7.490000000000000
        9.470000000000001
       11.690000000000000
       13.780000000000000
       15.120000000000000
       15.560000000000000
       15.520000000000000
       14.440000000000000
       12.980000000000000
       12.310000000000000
       10.380000000000000
        7.920000000000000
        7.040000000000000
        9.520000000000000
       11.500000000000000
       13.470000000000000
       14.950000000000000
       15.560000000000000
       15.880000000000000
       14.680000000000000
       13.300000000000000
       11.680000000000000
        9.619999999999999
        6.820000000000000
        6.240000000000000
        9.350000000000000
       11.310000000000000
       13.270000000000000
       14.460000000000000
       15.260000000000000
       15.500000000000000
       14.930000000000000
       13.510000000000000
       12.230000000000000
        9.680000000000000
        7.400000000000000
        6.550000000000000
        9.160000000000000
       11.120000000000000
       13.170000000000000
       14.720000000000000
       15.500000000000000
       15.470000000000000
       14.700000000000000
       13.250000000000000
       12.130000000000000
       10.610000000000000
        7.860000000000000
        7.550000000000000
        9.600000000000000
       11.870000000000000
       13.450000000000000
       15.080000000000000
       15.730000000000000
       15.880000000000000
       15.180000000000000
       13.540000000000000
       11.990000000000000
        9.660000000000000
        7.290000000000000
        6.500000000000000
        9.190000000000000
       11.730000000000000
       13.520000000000000
       14.820000000000000
       15.610000000000000
       15.580000000000000
       14.950000000000000
       13.730000000000000
       12.100000000000000
       10.220000000000000
        7.610000000000000
        7.180000000000000
        9.480000000000000
       11.300000000000000
       13.530000000000000
       14.620000000000000
       15.240000000000000
       15.320000000000000
       14.590000000000000
       13.040000000000000
       11.550000000000000
        9.150000000000000
        6.680000000000000
        6.130000000000000
        8.940000000000000
       10.970000000000000
       12.980000000000000
       14.210000000000000
       15.170000000000000
       15.120000000000000
       14.220000000000000
       13.060000000000000
       12.100000000000000
       10.360000000000000
        8.170000000000000
        7.880000000000000
        9.390000000000001
       10.560000000000000
       13.140000000000000
       14.470000000000000
       15.510000000000000
       15.580000000000000
       14.590000000000000
       13.320000000000000
       11.910000000000000
        9.590000000000000
        7.300000000000000
        6.740000000000000
        8.760000000000000
       10.910000000000000
       13.290000000000000
       14.810000000000000
       15.770000000000000
       15.660000000000000
       14.890000000000000
       13.800000000000000
       11.850000000000000
        9.619999999999999
        7.490000000000000
        6.560000000000000
        8.850000000000000
       10.750000000000000
       13.260000000000000
       14.470000000000000
       15.370000000000000
       15.400000000000000
       15.130000000000000
       13.860000000000000
       12.100000000000000
        9.590000000000000
        7.380000000000000
        6.240000000000000
        9.100000000000000
       10.990000000000000
       12.880000000000000
       14.410000000000000
       15.180000000000000
       15.270000000000000
       14.630000000000000
       13.180000000000000
       11.710000000000000
        9.750000000000000
        7.210000000000000
        6.320000000000000
        8.920000000000000
       10.540000000000000
       12.810000000000000
       14.310000000000000
       15.270000000000000
       15.610000000000000
       14.860000000000000
       13.720000000000000
       11.690000000000000
        9.220000000000001
        7.470000000000000
        6.750000000000000
        8.590000000000000
       10.920000000000000
       12.840000000000000
       14.450000000000000
       15.360000000000000
       15.440000000000000
       14.370000000000000
       13.120000000000000
       11.690000000000000
        9.490000000000000
        6.530000000000000
        5.960000000000000
        8.810000000000001
       10.780000000000000
       12.820000000000000
       14.460000000000000
       15.250000000000000
       15.490000000000000
       14.570000000000000
       13.000000000000000
       11.770000000000000
        9.460000000000001
        6.850000000000000
        6.150000000000000
        8.650000000000000
       10.290000000000000
       12.820000000000000
       14.050000000000000
       14.970000000000000
       15.070000000000000
       14.160000000000000
       12.640000000000000
       11.620000000000000
        9.690000000000000
        6.830000000000000
        6.060000000000000
        8.500000000000000
       10.690000000000000
       12.770000000000000
       13.700000000000000
       14.390000000000000
       14.760000000000000
       14.120000000000000
       13.010000000000000
       11.370000000000000
        9.020000000000000
        6.300000000000000
        5.560000000000000
        8.490000000000000
       10.520000000000000
       12.500000000000000
